


    [?25l[0m   [38;2;129;0;0m▄[38;2;248;0;0m▄[38;2;254;0;0;48;2;131;0;0m▄[48;2;201;0;0m▄[48;2;238;0;0m▄[48;2;247;0;0m▄▄▄▄▄▄▄▄▄▄[48;2;238;0;0m▄[48;2;201;0;0m▄[48;2;131;0;0m▄[0m[38;2;248;0;0m▄[38;2;130;0;0m▄[0m   [0m
     [38;2;137;0;0m▄[38;2;254;0;0;48;2;174;0;0m▄[48;2;254;0;0m╳╳[38;2;180;0;0m▄[0m[7m[38;2;254;0;0m▄[38;2;234;0;0m▄[38;2;213;0;0m▄[38;2;212;0;0m▄▄▄▄▄▄▄▄[38;2;213;0;0m▄[38;2;234;0;0m▄[38;2;254;0;0m▄[0m[38;2;179;0;0;48;2;254;0;0m▄[38;2;254;0;0m╳╳[48;2;174;0;0m▄[0m[38;2;137;0;0m▄[0m [0m
    [7m[38;2;162;0;0m▌[0m[38;2;247;0;0;48;2;254;0;0m╳[38;2;254;0;0m╳[38;2;200;0;0m▄[0m[7m[38;2;140;0;0m▄[0m                [7m[38;2;139;0;0m▄[0m[38;2;200;0;0;48;2;254;0;0m▄[38;2;254;0;0m╳[38;2;247;0;0m╳[0m[38;2;162;0;0m▌[0m
    [38;2;202;0;0;48;2;254;0;0m▌[38;2;254;0;0m╳╳[0m[38;2;130;0;0m▌[0m                  [7m[38;2;130;0;0m▌[0m[38;2;254;0;0;48;2;254;0;0m╳╳[48;2;202;0;0m▌[0m
    [38;2;203;0;0;48;2;254;0;0m▌[38;2;254;0;0m╳╳[0m[38;2;129;0;0m▌[0m                  [7m[38;2;129;0;0m▌[0m[38;2;254;0;0;48;2;254;0;0m╳╳[48;2;203;0;0m▌[0m
    [7m[38;2;164;0;0m▌[0m[38;2;248;0;0;48;2;254;0;0m╳[38;2;254;0;0m╳[48;2;199;0;0m▄[0m[38;2;138;0;0m▄[0m                [38;2;137;0;0m▄[38;2;254;0;0;48;2;199;0;0m▄[48;2;254;0;0m╳[38;2;248;0;0m╳[0m[38;2;164;0;0m▌[0m
     [7m[38;2;139;0;0m▄[0m[38;2;175;0;0;48;2;254;0;0m▄[38;2;254;0;0m╳╳[48;2;178;0;0m▄[0m[38;2;254;0;0m▄[38;2;234;0;0m▄[38;2;212;0;0m▄[38;2;211;0;0m▄▄▄▄▄▄▄▄[38;2;212;0;0m▄[38;2;234;0;0m▄[38;2;254;0;0m▄[48;2;178;0;0m▄[48;2;254;0;0m╳╳[38;2;176;0;0m▄[0m[7m[38;2;139;0;0m▄[0m [0m
       [7m[38;2;131;0;0m▄[38;2;248;0;0m▄[0m[38;2;132;0;0;48;2;254;0;0m▄[38;2;201;0;0m▄[38;2;239;0;0m▄[38;2;248;0;0m▄▄▄▄▄▄▄▄▄▄[38;2;239;0;0m▄[38;2;202;0;0m▄[38;2;132;0;0m▄[0m[7m[38;2;248;0;0m▄[38;2;131;0;0m▄[0m   [0m
    [?25h