
[?25l[0m    [38;2;34;34;35m▄[38;2;67;67;69;48;2;50;50;52m▄[48;2;63;63;65m▄[48;2;56;56;57m▄[0m[38;2;67;67;69m▄[0m      [38;2;67;67;69m▄[48;2;56;56;57m▄[48;2;63;63;65m▄[48;2;50;50;52m▄[0m[38;2;34;34;35m▄[0m    [0m
 [38;2;237;132;0m▄[38;2;250;139;0m▄[38;2;246;137;0m▄[38;2;145;80;0m▄[7m[38;2;44;44;45m▄[0m[38;2;52;52;53;48;2;67;67;69m▄[38;2;67;67;69m▄▄[48;2;65;65;67m▄[0m[38;2;62;62;63m▄[0m  [38;2;61;61;63m▄[38;2;67;67;69;48;2;65;65;67m▄[48;2;67;67;69m▄▄[38;2;52;52;53m▄[0m[7m[38;2;44;44;46m▄[0m[38;2;144;80;0m▄[38;2;246;137;0m▄[38;2;250;139;0m▄[38;2;237;132;0m▄[0m [0m
 [38;2;153;85;0;48;2;250;139;0m▄[38;2;250;139;0m▄▄▄[48;2;157;87;0m▄[0m[38;2;127;71;0m▄[7m[38;2;58;58;60m▄[0m[38;2;63;63;64;48;2;67;67;69m▄[38;2;67;67;69m▄▄[48;2;55;55;57m▄▄[48;2;67;67;69m▄▄[38;2;63;63;65m▄[0m[7m[38;2;58;58;60m▄[0m[38;2;127;70;0m▄[38;2;250;139;0;48;2;156;87;0m▄[48;2;250;139;0m▄▄▄[38;2;153;85;0m▄[0m [0m
  [7m[38;2;183;102;0m▄[0m[38;2;208;115;0;48;2;250;139;0m▄[38;2;250;139;0m▄▄▄[0m[38;2;246;137;0m▄[0m [7m[38;2;66;66;68m▄[0m[38;2;67;67;69;48;2;67;67;69m▄▄▄▄[0m[7m[38;2;66;66;68m▄[0m [38;2;246;137;0m▄[38;2;250;139;0;48;2;250;139;0m▄▄▄[38;2;208;116;0m▄[0m[7m[38;2;184;102;0m▄[0m  [0m
    [7m[38;2;227;126;0m▄[0m[38;2;240;134;0;48;2;250;139;0m▄[38;2;250;139;0m▄▄[48;2;238;132;0m▄[0m[38;2;226;126;0m▄[7m[38;2;35;35;36m▄[0m[38;2;45;45;46;48;2;67;67;69m▄▄[0m[7m[38;2;35;35;37m▄[0m[38;2;226;125;0m▄[38;2;250;139;0;48;2;238;132;0m▄[48;2;250;139;0m▄▄[38;2;241;134;0m▄[0m[7m[38;2;227;126;0m▄[0m    [0m
      [38;2;248;138;0;48;2;248;138;0m▄[38;2;250;139;0;48;2;250;139;0m▄▄▄[38;2;209;116;0;48;2;209;116;0m▄[0m  [38;2;209;116;0;48;2;209;116;0m▄[38;2;250;139;0;48;2;250;139;0m▄▄▄[38;2;248;138;0;48;2;248;138;0m▄[0m      [0m
    [38;2;227;126;0m▄[38;2;250;139;0;48;2;240;134;0m▄[48;2;250;139;0m▄▄[38;2;238;132;0m▄[0m[7m[38;2;226;126;0m▄[0m[38;2;36;36;37m▄[38;2;67;67;69;48;2;45;45;46m▄[48;2;44;44;46m▄[0m[38;2;35;35;36m▄[7m[38;2;226;125;0m▄[0m[38;2;238;132;0;48;2;250;139;0m▄[38;2;250;139;0m▄▄[48;2;241;134;0m▄[0m[38;2;227;126;0m▄[0m    [0m
  [38;2;183;102;0m▄[38;2;250;139;0;48;2;208;115;0m▄[48;2;250;139;0m▄▄▄[0m[7m[38;2;246;137;0m▄[0m [38;2;66;66;68m▄[38;2;67;67;69;48;2;67;67;69m▄▄▄▄[0m[38;2;66;66;68m▄[0m [7m[38;2;246;137;0m▄[0m[38;2;250;139;0;48;2;250;139;0m▄▄▄[48;2;208;116;0m▄[0m[38;2;184;102;0m▄[0m  [0m
 [38;2;250;139;0;48;2;153;85;0m▄[48;2;250;139;0m▄▄▄[38;2;157;87;0m▄[0m[7m[38;2;127;71;0m▄[0m[38;2;58;58;60m▄[38;2;67;67;69;48;2;63;63;65m▄[48;2;67;67;69m▄▄[38;2;55;55;57m▄▄[38;2;67;67;69m▄▄[48;2;62;62;64m▄[0m[38;2;58;58;60m▄[7m[38;2;127;70;0m▄[0m[38;2;156;87;0;48;2;250;139;0m▄[38;2;250;139;0m▄▄▄[48;2;153;85;0m▄[0m [0m
 [7m[38;2;237;132;0m▄[38;2;250;139;0m▄[38;2;246;137;0m▄[38;2;145;80;0m▄[0m[38;2;44;44;46m▄[38;2;67;67;69;48;2;52;52;53m▄[48;2;67;67;69m▄▄[38;2;65;65;67m▄[0m[7m[38;2;61;61;63m▄[0m  [7m[38;2;62;62;64m▄[0m[38;2;66;66;67;48;2;67;67;69m▄[38;2;67;67;69m▄▄[48;2;51;51;53m▄[0m[38;2;44;44;45m▄[7m[38;2;144;80;0m▄[38;2;246;137;0m▄[38;2;250;139;0m▄[38;2;237;132;0m▄[0m [0m
    [7m[38;2;34;34;35m▄[0m[38;2;51;51;52;48;2;67;67;69m▄[38;2;64;64;65m▄[38;2;56;56;57m▄[0m[7m[38;2;67;67;69m▄[0m      [7m[38;2;67;67;69m▄[0m[38;2;56;56;58;48;2;67;67;69m▄[38;2;63;63;65m▄[38;2;50;50;52m▄[0m[7m[38;2;33;33;34m▄[0m    [0m
[?25h