
  [?25l[0m            [7m[38;2;66;66;66m▀▀[0m            [0m
             [38;2;66;66;66m▂[48;2;66;66;66m▁▁[0m[38;2;66;66;66m▂[0m           [0m
             [7m[38;2;66;66;66m▆[0m[38;2;238;225;110;48;2;66;66;66m▆▆[0m[7m[38;2;66;66;66m▆[0m           [0m
            [38;2;237;224;109m▗[38;2;203;192;93;48;2;254;240;117m▘[38;2;254;240;117m▁▁[38;2;203;192;94m▝[0m[38;2;238;224;109m▖[0m          [0m
           [7m[38;2;195;185;96m▘[0m[38;2;253;242;138;48;2;254;253;241m▀[38;2;254;242;139;48;2;254;253;248m▔[38;2;90;90;90;48;2;244;243;241m▗▖[38;2;254;242;138;48;2;254;253;248m▔[38;2;253;242;137;48;2;254;253;241m▀[0m[7m[38;2;196;185;96m▝[0m         [0m
      [38;2;58;58;58m▆[0m  [38;2;127;120;58m▗[7m[38;2;246;232;113m▘[0m[38;2;254;243;145;48;2;254;240;118m▔[38;2;254;253;241;48;2;254;242;138m▀[38;2;254;242;138;48;2;254;253;248m▁[38;2;90;90;90;48;2;244;243;241m▝▘[38;2;254;242;138;48;2;254;253;248m▁[38;2;254;253;241;48;2;254;242;138m▀[38;2;254;243;145;48;2;254;240;119m▔[0m[7m[38;2;246;232;113m▝[0m[38;2;127;120;58m▖[0m  [38;2;58;58;58m▆[0m    [0m
      [38;2;62;62;62m▝[7m[38;2;61;61;61m▞[38;2;170;162;90m▀[0m[38;2;185;175;85;48;2;254;240;117m▘[38;2;254;240;117m▁▁▁▁▁▁▁▁▁▁[38;2;185;175;85m▝[0m[7m[38;2;170;162;90m▀[0m[38;2;61;61;61m▞[38;2;62;62;62m▘[0m    [0m
       [7m[38;2;182;159;48m▘[0m[38;2;253;239;117;48;2;252;215;53m▀[38;2;254;240;117m▀▀▀[38;2;224;202;82;48;2;86;84;71m▍[38;2;79;78;69;48;2;245;232;114m▆[38;2;247;234;115;48;2;66;66;66m▀▀[38;2;79;78;69;48;2;245;232;114m▆[38;2;99;95;72;48;2;253;228;85m▊[38;2;254;240;117;48;2;252;215;53m▀▀▀[38;2;253;239;117m▀[0m[7m[38;2;182;159;48m▝[0m     [0m
      [7m[38;2;239;218;89m▘[0m[38;2;252;215;53;48;2;254;240;117m▂▂▂▂[38;2;254;231;95;48;2;252;215;53m▎[38;2;245;218;78;48;2;128;115;63m▅[38;2;250;229;95;48;2;106;102;76m▆[38;2;252;215;53;48;2;249;235;115m▂[48;2;249;236;115m▂[38;2;250;229;95;48;2;106;103;76m▆[38;2;245;218;78;48;2;128;115;63m▅[38;2;252;215;53;48;2;253;231;95m▊[48;2;254;240;117m▂▂▂▂[0m[7m[38;2;239;219;89m▝[0m    [0m
    [38;2;213;202;98m▗[38;2;251;237;115;48;2;175;149;37m▆[38;2;254;240;117;48;2;252;215;53m▆[38;2;254;239;115m▆[38;2;252;215;53m▁[38;2;254;239;115m▆[38;2;254;240;117m▆▆▆▆[38;2;252;215;53;48;2;254;232;98m▐[38;2;253;232;98;48;2;252;215;53m▐[38;2;254;240;117m▆▆▆▆[38;2;253;234;101;48;2;252;216;57m▍[38;2;254;234;101;48;2;252;215;53m▐[38;2;254;240;117m▆▆[38;2;251;237;115;48;2;175;149;37m▆[0m[38;2;214;202;98m▖[0m  [0m
        [38;2;42;42;42m▂[38;2;66;66;66m▁[7m[38;2;54;54;54m▋[0m[38;2;62;62;62m▊[0m      [7m[38;2;62;62;62m▎[0m[38;2;54;54;54m▍[38;2;57;57;57m▂[0m       [0m
        [7m[38;2;43;43;43m▆[38;2;59;59;59m▅[0m[38;2;60;60;60m▀[38;2;56;56;56m▘[0m      [38;2;56;56;56m▝[38;2;58;58;58m▀[7m[38;2;65;65;65m▆[0m       [0m
  [?25h