
  [?25l[?25h[?25l[0m                          [0m
                            [0m
   [38;2;196;211;55m▅[7m[38;2;192;206;54m▔[0m[38;2;130;139;35;48;2;196;208;53m▔[38;2;92;91;17;48;2;187;198;50m▃[0m[7m[38;2;196;208;53m▔[0m[38;2;199;214;56m▆[38;2;184;198;51m▅[38;2;188;202;52m▃[38;2;145;156;40m▂[0m                [0m
   [7m[38;2;186;196;89m▖[0m[38;2;217;228;113;48;2;205;220;62m▅[38;2;218;229;111;48;2;203;217;59m▃[38;2;206;220;65;48;2;167;170;41m▆[38;2;196;208;53;48;2;204;219;57m▔[38;2;204;219;57m▔▔▔[38;2;196;208;53m▃[0m[7m[38;2;185;196;50m▝[0m[38;2;182;192;49m▃[38;2;177;186;47m▂[38;2;152;160;41m▁[0m            [0m
    [7m[38;2;129;135;68m▆[0m[38;2;210;220;111m▀[7m[38;2;212;223;112m▁[0m[38;2;206;221;67;48;2;218;229;113m▔[38;2;218;230;114;48;2;205;220;62m▅[38;2;204;219;58;48;2;218;229;113m▀[38;2;214;224;109;48;2;201;215;59m▖[38;2;202;216;56;48;2;191;202;51m▀[38;2;193;204;52;48;2;191;201;51m▘[38;2;191;201;51m▔▔▔[38;2;130;137;34m▔[0m[38;2;190;200;51m▆[38;2;186;196;50m▅[7m[38;2;170;179;45m▀[0m[38;2;171;180;45m▂[0m       [0m
       [7m[38;2;146;153;77m▖[38;2;203;212;113m▂[0m[38;2;184;190;124;48;2;224;234;141m▁[38;2;215;227;102;48;2;227;236;150m▁[38;2;223;232;137;48;2;195;205;64m▆[38;2;223;231;140;48;2;193;203;56m▃[38;2;208;217;100;48;2;191;201;52m▁[38;2;191;201;51;48;2;191;201;51m▔▔▔▔▔▔▔[38;2;162;171;43m▔[0m[38;2;184;194;49m▆[7m[38;2;168;177;45m▀[0m    [0m
         [38;2;119;123;80m▝[7m[38;2;191;204;67m▖[0m[38;2;209;223;77;48;2;204;219;57m▔[38;2;204;219;59;48;2;224;233;136m▖[38;2;225;233;146;48;2;229;237;155m▔[38;2;228;236;154;48;2;200;209;77m▆[38;2;226;234;147;48;2;192;202;54m▅[38;2;227;235;151;48;2;193;203;57m▃[38;2;223;232;142;48;2;191;201;52m▂[38;2;212;221;115;48;2;191;201;51m▁[38;2;191;201;51m▔▔[38;2;202;216;56m▂[38;2;201;214;55;48;2;191;202;51m▁[38;2;191;201;51;48;2;191;201;51m▔[38;2;163;172;43m▔[0m[38;2;173;183;47m▅[0m  [0m
        [38;2;102;110;28m▂[38;2;203;218;56m▂[38;2;176;189;49m▅[38;2;140;150;39;48;2;202;217;56m▁[0m[38;2;199;213;71m▀[7m[38;2;213;220;144m▃[38;2;227;235;153m▂[0m[38;2;138;143;93;48;2;229;237;155m▁[38;2;229;237;155m▔▔▔[38;2;210;219;110;48;2;228;236;150m▔[38;2;206;221;68;48;2;220;228;131m▂[38;2;214;226;97;48;2;205;220;62m▅[38;2;205;220;61;48;2;204;219;57m▏[38;2;193;204;52;48;2;202;217;56m▝[38;2;217;227;120;48;2;192;202;56m▂[38;2;191;201;51;48;2;199;213;55m▅[38;2;99;105;26;48;2;196;208;53m▝[0m [0m
        [7m[38;2;184;198;51m▆[38;2;204;219;57m▆▆[0m     [38;2;143;147;96m▔[38;2;229;237;155m▔[7m[38;2;211;218;142m▆[38;2;214;226;99m▆[38;2;204;219;57m▆▆▆[38;2;203;218;60m▆[38;2;219;227;140m▆[38;2;180;189;48m▍[0m[38;2;191;201;51;48;2;193;204;52m▋[0m[38;2;191;202;51m▍[0m
                     [7m[38;2;101;106;27m▂[0m[38;2;140;147;37m▆[38;2;165;175;44m▆[7m[38;2;164;173;44m▔[38;2;183;193;49m▁[38;2;173;184;47m▃[0m [0m
                     