
  [?25l[0m      [38;2;69;93;60m▃[38;2;75;111;63m▆[7m[38;2;83;126;66m▔[0m[38;2;78;112;65;48;2;86;140;67m▀[38;2;68;100;55;48;2;82;131;64m▀[0m[7m[38;2;69;105;55m▔[38;2;61;90;50m▀[0m          [0m
       [7m[38;2;79;113;66m▘[0m[38;2;79;122;60;48;2;89;146;61m▀[38;2;91;148;68;48;2;101;165;75m▀[38;2;99;160;76;48;2;107;175;82m▀[38;2;104;168;80;48;2;97;155;75m▅[38;2;98;158;76;48;2;91;146;71m▖[38;2;80;128;63;48;2;85;136;67m▐[38;2;72;110;57;48;2;76;119;60m▐[38;2;63;91;50;48;2;49;67;40m▆[0m[38;2;84;76;45m▆[38;2;103;86;52m▅[0m       [0m
      [38;2;76;109;61m▐[38;2;89;147;57;48;2;76;123;51m▐[38;2;102;169;67;48;2;96;160;63m▗[38;2;111;184;79;48;2;106;175;73m▐[38;2;147;192;85;48;2;113;187;80m▁[38;2;177;191;90;48;2;109;179;79m▁[38;2;91;148;68;48;2;98;161;73m▐[38;2;86;138;66;48;2;78;124;59m▘[38;2;73;114;57;48;2;67;103;52m▘[38;2;50;72;39;48;2;62;94;49m▐[38;2;45;64;35;48;2;74;76;45m▍[38;2;81;65;36;48;2;141;117;70m▘[38;2;104;90;64;48;2;127;106;64m▝[0m[38;2;72;64;48m▎[0m     [0m
     [7m[38;2;107;88;42m▊[0m[38;2;191;157;65;48;2;74;113;53m▍[38;2;76;125;48;48;2;87;143;55m▍[38;2;88;144;56;48;2;97;161;63m▃[38;2;108;180;73;48;2;95;156;61m▀[38;2;137;171;69;48;2;224;191;79m▎[38;2;217;180;75;48;2;245;218;92m▃[38;2;169;162;78;48;2;80;125;53m▏[38;2;72;117;49;48;2;65;103;48m▘[38;2;64;99;49;48;2;58;87;45m▘[38;2;106;101;59;48;2;54;77;41m▗[38;2;68;81;46;48;2;148;125;75m▘[38;2;131;108;64;48;2;145;120;72m▝[38;2;156;129;76;48;2;116;95;55m▃[0m[7m[38;2;135;116;80m▝[0m[38;2;107;93;65m▃[0m    [0m
    [38;2;46;38;23m▂[38;2;116;97;62m▂[38;2;65;83;46m▐[38;2;55;85;40;48;2;69;111;46m▖[38;2;81;130;53;48;2;73;113;53m▀[38;2;85;135;57;48;2;76;115;57m▀[38;2;132;146;57;48;2;76;116;56m▔[38;2;148;138;58;48;2;69;104;52m▔[38;2;52;75;40;48;2;64;100;48m▃[38;2;93;81;45;48;2;58;81;42m▁[38;2;118;100;57;48;2;62;80;44m▅[38;2;154;129;76;48;2;83;66;35m▀[38;2;89;71;39;48;2;156;129;76m▅[38;2;94;76;43;48;2;143;118;69m▆[38;2;99;80;45;48;2;139;114;66m▆[38;2;100;81;45;48;2;142;117;68m▆[0m[7m[38;2;101;84;53m▗[0m    [0m
   [7m[38;2;57;64;42m▊[0m[38;2;84;89;59;48;2;87;112;71m▔[38;2;64;88;50;48;2;85;104;64m▗[38;2;133;111;66;48;2;142;118;71m▞[38;2;123;101;58;48;2;77;79;44m▖[38;2;64;64;36;48;2;65;95;51m▅[38;2;59;60;32;48;2;66;97;53m▅[38;2;54;58;31;48;2;63;91;50m▆[38;2;82;66;35;48;2;45;58;31m▃[38;2;83;68;36;48;2;48;55;29m▆[38;2;110;88;49;48;2;90;72;39m▁[38;2;123;100;57;48;2;77;61;32m▃[38;2;119;97;55;48;2;89;71;38m▅[38;2;127;104;59;48;2;149;122;71m▘[38;2;139;115;68;48;2;168;139;83m▝[48;2;122;101;60m▖[0m[7m[38;2;77;65;41m▗[0m     [0m
   [38;2;125;103;66m▐[38;2;137;113;70;48;2;78;70;39m▋[38;2;56;43;21;48;2;57;73;46m▆[38;2;69;57;36;48;2;130;106;61m▏[38;2;117;96;55;48;2;97;79;45m▋[38;2;109;90;53;48;2;91;74;42m▗[38;2;116;95;55;48;2;75;60;32m▅[38;2;149;145;126;48;2;87;70;38m▂[38;2;84;68;36;48;2;141;118;74m▀[38;2;152;125;73;48;2;106;85;47m▅[38;2;160;131;77;48;2;130;106;60m▆[38;2;161;132;78;48;2;149;122;71m▁[38;2;149;124;73;48;2;129;105;60m▃[38;2;122;99;56;48;2;141;116;67m▋[38;2;167;138;82;48;2;138;115;71m▀[38;2;139;116;69;48;2;157;131;81m▝[0m[7m[38;2;122;102;64m▝[0m  [38;2;87;115;77m▗[38;2;66;90;56m▊[0m [0m
  [38;2;97;85;67m▆[38;2;210;171;113;48;2;147;126;96m▝[38;2;227;192;125;48;2;127;108;77m▘[38;2;121;109;92;48;2;87;73;48m▁[38;2;86;69;39;48;2;99;81;46m▗[0m[7m[38;2;88;71;41m▂[0m[38;2;59;50;31;48;2;111;93;57m▏[38;2;142;119;71;48;2;135;112;66m▗[38;2;174;186;183;48;2;144;121;74m▝[38;2;83;79;72;48;2;160;177;181m▝[38;2;75;75;73;48;2;157;132;82m▆[38;2;167;139;85;48;2;83;82;78m▀[38;2;96;92;82;48;2;166;138;83m▂[38;2;112;93;54;48;2;161;134;82m▗[38;2;80;98;62;48;2;129;106;65m▅[38;2;151;127;79;48;2;81;104;64m▀[38;2;105;95;55;48;2;153;128;78m▂[38;2;135;113;69;48;2;127;106;65m▍[0m[38;2;113;96;61m▍[0m [7m[38;2;85;114;73m▏[0m[38;2;58;81;47m▊[0m [0m
  [7m[38;2;185;185;185m▋[0m[38;2;221;186;139;48;2;198;187;179m▗[38;2;176;161;145;48;2;229;189;139m▐[0m[38;2;158;152;146m▋[7m[38;2;55;46;27m▆[0m [38;2;105;89;59;48;2;120;100;60m▍[38;2;137;114;67;48;2;130;108;63m▝[38;2;133;110;64;48;2;152;126;74m▍[38;2;171;164;137;48;2;162;135;82m▔[38;2;162;137;88;48;2;138;152;156m▅[38;2;138;131;108;48;2;80;82;82m▅[38;2;108;111;108;48;2;78;79;79m▃[38;2;138;113;67;48;2;83;81;74m▗[38;2;107;87;50;48;2;71;88;54m▂[38;2;62;68;44;48;2;80;110;68m▆[38;2;75;76;43;48;2;54;44;23m▔[38;2;67;53;27;48;2;116;96;56m▖[38;2;110;93;61;48;2;119;98;58m▕[0m[7m[38;2;80;103;66m▔[0m[38;2;29;39;24;48;2;64;89;53m▂[38;2;53;78;42;48;2;69;95;57m▃[0m[7m[38;2;51;71;42m▝[0m
  [7m[38;2;113;103;88m▘[0m[38;2;133;109;69;48;2;164;153;143m▂[38;2;139;114;70;48;2;172;159;146m▂[38;2;147;137;123;48;2;81;72;59m▋[0m [7m[38;2;76;65;45m▍[0m[38;2;95;78;46;48;2;107;87;50m▋[38;2;129;106;61;48;2;113;92;53m▀[38;2;107;87;49;48;2;139;114;66m▂[38;2;127;103;59;48;2;160;132;77m▃[38;2;164;135;80;48;2;143;117;68m▀[38;2;156;128;75;48;2;162;133;78m▞[38;2;176;146;88;48;2;155;129;77m▅[38;2;174;144;86;48;2;146;124;81m▆[38;2;115;93;53;48;2;156;129;76m▝[38;2;118;96;54;48;2;92;74;41m▅[38;2;108;87;49;48;2;76;60;32m▖[38;2;80;64;35;48;2;69;54;27m▃[38;2;85;69;39;48;2;99;81;46m▆[0m[7m[38;2;47;57;35m▅[0m [7m[38;2;34;47;27m▆[38;2;44;62;35m▅[0m
  [7m[38;2;60;49;28m▆[38;2;114;93;54m▆[38;2;109;88;49m▆[38;2;54;43;24m▆[0m[38;2;42;40;35;48;2;59;55;47m▘[38;2;60;56;47;48;2;72;69;61m▂[38;2;63;59;50;48;2;83;78;68m▂[38;2;70;62;47;48;2;122;100;57m▆[38;2;54;47;34;48;2;114;93;53m▃[38;2;50;43;28;48;2;132;108;62m▃[38;2;130;106;61;48;2;56;50;37m▀[38;2;77;72;60;48;2;146;120;69m▆[38;2;169;140;83;48;2;94;87;73m▔[38;2;178;148;89;48;2;95;87;72m▔[38;2;82;76;62;48;2;152;125;73m▆[38;2;73;66;51;48;2;135;111;64m▅[0m[7m[38;2;112;92;53m▂[38;2;99;81;47m▁[38;2;75;62;36m▃[0m    [0m
      [7m[38;2;36;34;27m▆[38;2;46;42;33m▅[38;2;47;43;34m▅[38;2;44;40;32m▅[38;2;39;36;29m▅[38;2;34;32;25m▆[0m[38;2;53;50;42m▝[7m[38;2;60;56;47m▁[0m[38;2;87;82;73;48;2;53;49;39m▀[38;2;91;87;77;48;2;54;50;40m▀[0m[7m[38;2;67;63;53m▁[38;2;52;48;40m▂[0m       [0m