[?25l[0m [38;2;0;0;0m       [0m        [38;2;9;9;9m          [0m
 [38;2;0;0;0m   [0m  [38;2;121;121;121m▄▄[48;2;121;121;121m       [0m[38;2;121;121;121m▄▄[38;2;119;119;119m▄[0m  [38;2;3;3;3m      [0m
 [38;2;0;0;0m  [0m [38;2;121;121;121m▄[48;2;121;121;121m   [38;2;132;139;145m▄[38;2;160;186;206m▄[38;2;176;212;240;48;2;121;122;122m▄[38;2;179;217;247;48;2;125;127;129m▄[38;2;179;216;246;48;2;123;124;124m▄[38;2;169;200;224;48;2;121;121;121m▄[38;2;149;168;182m▄[38;2;126;129;131m▄   [0m[38;2;121;121;121m▄[0m  [38;2;14;14;14m    [0m
   [38;2;114;114;114;48;2;121;121;121m   [38;2;150;168;183m▄[38;2;179;217;247;48;2;148;165;179m▄[48;2;178;216;245m▄[48;2;179;217;247m      [48;2;176;212;241m▄[48;2;147;164;177m▄[38;2;162;188;209;48;2;122;122;122m▄[38;2;123;125;126;48;2;121;121;121m▄  [0m[38;2;121;121;121m▄[0m  [38;2;1;1;1m  [0m
  [38;2;114;114;114;48;2;121;121;121m  [38;2;124;125;126m▄[38;2;173;207;233;48;2;139;150;159m▄[38;2;179;217;247;48;2;179;216;246m▄[48;2;179;217;247m  [38;2;159;210;249m▄[38;2;118;194;254;48;2;172;214;248m▄[38;2;115;193;254;48;2;157;209;249m▄[48;2;162;211;249m▄[38;2;123;196;253;48;2;178;217;247m▄[38;2;157;209;250;48;2;179;217;247m▄   [38;2;179;217;247;48;2;163;191;212m▄[38;2;157;180;198;48;2;123;123;124m▄[48;2;121;121;121m   [0m  [38;2;21;21;21m [0m
 [38;2;70;70;70;48;2;121;121;121m   [38;2;167;197;220;48;2;146;162;175m▄[48;2;179;217;247m   [38;2;127;198;253;48;2;165;212;249m▄[38;2;115;193;254;48;2;117;194;254m▄[48;2;115;193;254m     [48;2;144;204;251m▄[38;2;148;206;251;48;2;179;217;247m▄[38;2;179;218;246m▄[38;2;179;219;244;48;2;179;218;246m▄[38;2;180;220;241;48;2;179;219;244m▄[38;2;177;215;232;48;2;143;157;165m▄[38;2;128;132;134;48;2;121;121;121m▄  [0m[38;2;120;120;120m▄[0m [0m
 [38;2;102;102;102;48;2;121;121;121m  [38;2;130;136;140;48;2;124;126;127m▄[38;2;179;217;247;48;2;178;215;244m▄[48;2;179;217;247m  [38;2;151;206;250;48;2;164;211;249m▄[48;2;115;193;254m       [38;2;115;194;253m▄[38;2;116;196;248;48;2;116;194;253m▄[38;2;124;200;242;48;2;163;212;245m▄[38;2;177;220;238;48;2;180;220;241m▄[38;2;181;222;236;48;2;181;221;238m▄[38;2;182;223;233;48;2;181;222;236m▄[38;2;178;216;222;48;2;157;181;187m▄[38;2;122;123;123;48;2;121;121;121m▄  [0m [0m
 [38;2;93;93;93;48;2;121;121;121m  [38;2;125;128;130;48;2;131;137;142m▄[38;2;178;216;245;48;2;179;217;247m▄  [38;2;164;211;249;48;2;149;206;250m▄[48;2;115;193;254m     [38;2;115;194;253m▄[38;2;116;196;248;48;2;115;194;253m▄[38;2;118;198;243;48;2;116;196;248m▄[38;2;119;200;237;48;2;118;198;242m▄[38;2;120;203;231;48;2;119;200;237m▄[38;2;162;217;231;48;2;157;214;234m▄[38;2;182;224;230;48;2;182;223;233m▄[38;2;183;225;227;48;2;182;224;230m▄[38;2;184;226;225;48;2;183;225;227m▄[38;2;130;136;136;48;2;130;135;135m▄[48;2;121;121;121m  [0m [0m
 [38;2;43;43;43;48;2;121;121;121m   [38;2;144;159;171;48;2;168;198;222m▄[48;2;179;217;247m   [38;2;179;217;247;48;2;139;202;252m▄[38;2;157;209;250;48;2;115;193;254m▄[38;2;136;201;252m▄[38;2;127;198;252m▄[38;2;128;199;248;48;2;115;193;253m▄[38;2;136;204;243;48;2;116;195;249m▄[38;2;150;210;239;48;2;118;198;243m▄[38;2;169;218;236;48;2;119;200;237m▄[38;2;182;223;233;48;2;133;207;233m▄[38;2;182;224;231;48;2;167;218;232m▄[38;2;183;225;228;48;2;182;224;230m▄[38;2;184;226;225;48;2;183;225;228m▄[38;2;184;227;222;48;2;184;226;225m▄[38;2;151;171;167;48;2;179;219;214m▄[38;2;121;121;121;48;2;123;123;123m▄[48;2;121;121;121m  [0m [0m
  [38;2;61;61;61;48;2;121;121;121m  [38;2;121;121;121;48;2;122;122;123m▄[38;2;126;128;131;48;2;165;194;217m▄[38;2;166;196;219;48;2;179;217;247m▄   [38;2;179;218;245m▄[38;2;180;220;242;48;2;179;218;245m▄[38;2;180;221;239;48;2;180;220;242m▄[38;2;181;222;236;48;2;181;221;239m▄[38;2;182;223;234;48;2;181;222;236m▄[38;2;182;224;231;48;2;182;223;234m▄[38;2;183;225;228;48;2;182;224;231m▄[38;2;183;226;225;48;2;183;225;228m▄[38;2;177;215;211;48;2;183;226;225m▄[38;2;143;157;155;48;2;184;227;222m▄[38;2;121;121;121;48;2;159;185;180m▄[48;2;122;122;122m▄[48;2;121;121;121m  [0m  [0m
   [7m[38;2;121;121;121m▄[0m[38;2;111;111;111;48;2;121;121;121m  [38;2;121;121;121;48;2;122;123;124m▄[48;2;148;165;179m▄[38;2;122;123;123;48;2;173;208;234m▄[38;2;134;143;148;48;2;179;218;245m▄[38;2;146;163;171;48;2;180;219;242m▄[38;2;150;169;177;48;2;180;221;239m▄[38;2;150;170;176;48;2;181;222;237m▄[38;2;147;165;169;48;2;182;223;234m▄[38;2;138;149;150;48;2;182;224;231m▄[38;2;125;128;128;48;2;182;223;227m▄[38;2;121;121;121;48;2;168;200;199m▄[48;2;145;161;160m▄[48;2;123;124;124m▄[48;2;121;121;121m   [0m[7m[38;2;121;121;121m▄[0m  [38;2;0;0;0m [0m
 [38;2;0;0;0m  [0m  [7m[38;2;121;121;121m▄▄[0m[38;2;118;118;118;48;2;121;121;121m           [0m[7m[38;2;121;121;121m▄▄[0m   [38;2;0;0;0m   [0m
 [38;2;0;0;0m     [0m    [7m[38;2;121;121;121m▄▄▄▄[38;2;119;119;119m▄[0m    [38;2;0;0;0m       [0m
[?25h