      
   [?25l[0m      [38;2;201;171;246;48;2;170;145;205m▄[38;2;198;167;250;48;2;196;166;243m▄[0m[38;2;157;132;205m▄[0m   [38;2;42;98;133;48;2;68;158;214m▄[38;2;80;187;253;48;2;70;163;221m▄[48;2;55;130;176m▄[0m  [38;2;69;145;208m▄[38;2;85;173;253;48;2;72;159;221m▄[38;2;83;164;244;48;2;53;114;162m▄[0m      [0m
         [7m[38;2;113;96;142m▄[0m[38;2;174;146;228;48;2;194;163;249m▄[38;2;183;153;247;48;2;187;156;248m▄[38;2;173;143;242;48;2;93;77;127m▄[0m   [7m[38;2;72;162;224m▄[0m[38;2;86;171;253;48;2;83;180;253m▄[38;2;87;167;253;48;2;76;160;230m▄[38;2;88;163;253;48;2;44;86;128m▄[38;2;90;159;253;48;2;87;168;253m▄[38;2;86;147;239;48;2;88;164;253m▄[0m[7m[38;2;49;89;139m▄[0m      [0m
      [38;2;169;144;202m▄[38;2;203;172;250;48;2;172;146;208m▄[38;2;196;166;249;48;2;168;142;209m▄[38;2;189;159;248;48;2;163;137;210m▄[38;2;182;152;247;48;2;176;147;235m▄[38;2;175;145;246;48;2;179;149;247m▄[38;2;168;138;245;48;2;172;142;246m▄[38;2;161;131;244;48;2;160;131;237m▄[38;2;153;124;243;48;2;147;120;228m▄[38;2;146;117;242;48;2;140;113;226m▄[38;2;139;110;241;48;2;132;105;223m▄[38;2;127;110;241;48;2;104;146;249m▄[38;2;94;147;253;48;2;90;158;253m▄[38;2;94;145;254;48;2;91;154;253m▄[38;2;94;139;251;48;2;92;150;253m▄[0m[7m[38;2;47;74;127m▄[0m  [38;2;110;93;135m▄[38;2;155;132;185m▄[0m   [0m
      [7m[38;2;121;102;146m▄[38;2;115;97;144m▄[38;2;111;93;143m▄[38;2;107;90;143m▄[0m[38;2;102;106;245;48;2;134;115;214m▄[38;2;107;106;254;48;2;146;126;249m▄[38;2;93;90;220;48;2;141;122;249m▄[0m[7m[38;2;107;89;178m▄[38;2;86;70;140m▄[38;2;82;66;139m▄[38;2;78;62;138m▄[38;2;74;58;138m▄[38;2;77;93;184m▄[0m[38;2;90;113;228;48;2;97;136;254m▄[38;2;102;123;254;48;2;99;132;254m▄[0m[38;2;97;111;239m▄[0m [38;2;138;116;182m▄[38;2;189;159;239;48;2;197;167;249m░[38;2;199;168;246;48;2;207;176;251m▄[0m   [0m
      [38;2;49;75;132m▄[38;2;61;88;161m▄[38;2;99;132;254;48;2;73;89;183m▄[38;2;100;127;254;48;2;103;119;254m▄[38;2;68;82;171;48;2;104;113;254m▄[0m        [38;2;81;80;192;48;2;104;113;254m▄[38;2;110;106;254;48;2;106;109;254m▄[38;2;166;139;247;48;2;112;102;207m▄[38;2;180;150;247;48;2;184;154;248m▄[38;2;182;153;242;48;2;191;161;249m▄[0m[7m[38;2;111;94;140m▄[0m   [0m
   [38;2;48;101;145;48;2;67;132;197m▄[38;2;85;174;253;48;2;88;165;253m▄[38;2;86;169;253;48;2;89;160;253m▄[38;2;88;164;253;48;2;91;155;253m▄[38;2;90;159;253;48;2;92;150;253m▄[38;2;91;154;253;48;2;94;146;254m▄[38;2;93;149;253;48;2;96;141;254m▄[38;2;102;111;228;48;2;92;129;241m▄[0m          [38;2;153;125;238;48;2;135;118;246m▄[38;2;164;135;245;48;2;169;139;245m▄[38;2;171;141;246;48;2;176;146;246m▄[38;2;178;148;247;48;2;182;152;247m▄[38;2;185;155;248;48;2;189;159;248m▄[38;2;192;161;249;48;2;196;166;249m▄[38;2;199;168;250;48;2;203;172;250m▄[38;2;155;132;188;48;2;137;117;166m░[0m
      [38;2;56;124;173m▄[38;2;84;176;253;48;2;85;164;248m▄[38;2;85;170;252;48;2;88;163;253m▄[38;2;110;110;212;48;2;98;148;251m▄[38;2;141;112;241;48;2;132;105;240m▄[38;2;139;111;238;48;2;78;61;139m▄[0m        [38;2;142;113;241;48;2;106;85;175m▄[38;2;149;120;242;48;2;153;124;243m▄[38;2;103;83;161;48;2;160;130;244m▄[0m      [0m
      [38;2;80;187;253;48;2;80;187;253m░[38;2;74;173;234;48;2;81;184;253m▄[0m[7m[38;2;51;110;155m▄[0m [38;2;98;80;153;48;2;148;119;241m▄[38;2;158;129;244;48;2;149;120;242m▄[48;2;114;92;184m▄[0m[38;2;99;87;187m▄[38;2;76;74;180m▄[38;2;75;77;180m▄[38;2;73;84;180m▄[38;2;70;91;180m▄[38;2;80;107;203m▄[38;2;103;134;249;48;2;116;91;212m▄[38;2;103;143;249;48;2;137;109;240m▄[38;2;89;141;227;48;2;137;109;229m▄[0m[38;2;60;128;183m▄[38;2;58;134;183m▄[38;2;58;135;183m▄[38;2;55;129;175m▄[0m   [0m
      [7m[38;2;56;130;176m▄[0m   [38;2;107;89;151m▄[38;2;174;145;246;48;2;166;137;245m▄[38;2;175;145;246m▄[48;2;161;134;246m▄[38;2;139;122;238;48;2;110;106;254m▄[38;2;85;88;204;48;2;106;109;254m▄[38;2;82;96;204;48;2;103;119;254m▄[38;2;80;103;204;48;2;100;129;254m▄[38;2;91;131;241;48;2;97;138;254m▄[38;2;93;148;253;48;2;93;148;253m░[38;2;90;157;253;48;2;90;158;253m░[38;2;74;141;214;48;2;87;167;253m▄[38;2;60;127;182;48;2;84;177;253m▄[38;2;57;132;180;48;2;81;186;253m▄[38;2;53;123;167;48;2;80;187;253m▄[0m    [0m
         [38;2;128;107;166m▄[38;2;191;160;249;48;2;180;150;244m▄[38;2;191;161;249;48;2;183;153;247m▄[38;2;98;82;128;48;2;183;153;248m▄[38;2;189;159;245m▄[38;2;192;161;249;48;2;179;149;242m▄[0m[38;2;139;117;180m▄[0m   [38;2;62;99;169;48;2;93;148;253m▄[38;2;90;157;253;48;2;90;158;253m░[38;2;87;167;253;48;2;71;135;206m▄[0m       [0m
         [38;2;170;144;207;48;2;198;167;249m▄[38;2;191;162;231;48;2;199;168;250m▄[0m[7m[38;2;145;122;182m▄[0m [7m[38;2;113;96;142m▄[0m[38;2;181;154;218;48;2;200;169;250m▄[38;2;199;169;239;48;2;201;170;250m▄[0m[38;2;174;148;209m▄[0m   [7m[38;2;82;145;231m▄[0m[38;2;74;142;215;48;2;87;167;253m▄[0m[7m[38;2;75;158;227m▄[0m      [0m
   [?25h